// keypoint detector & descriptor
kp_detector                 = SURF
kp_descriptor               = SURF
kp_SURF_minHessian          = 200


// keypoint match
#match_method               = BFMatcher
match_method                = FLANN
match_filter_histn           = 100
match_filter_sign            = 0.7


// Frame queue
frameQueue_maxSize          = 99999


// Tracker
tracker_keyFrameMinInterval = 5
tracker_keyFrameMaxInterval = 15
tracker_dispThreshold       = 30

tracker_baselineMinImages   = 5
tracker_baselineMaxImages   = 10
tracker_baselineZFilter_r1  = 0.125
tracker_baselineZFilter_r2  = 0.875
tracker_baselineZFilter_nsig = 8

tracker_keyFrameSearchRange = 3

tracker_visScale            = 1.0


// camera calibration settings
cam_name        = cam_138s

cam_138s.type   = opencv
cam_138s.imgW   = 700
cam_138s.imgH   = 700
cam_138s.fx     = 309.6069470329391
cam_138s.fy     = 309.7358151264549
cam_138s.cx     = 353.04952639076436
cam_138s.cy     = 344.4001844409269
cam_138s.d0     = 0.092048412922401
cam_138s.d1     = -0.042851770292329
cam_138s.d2     = -0.005008840639079
cam_138s.d3     = 0.000891060323127
cam_138s.d4     = 0.000000000000000

